 THERE WERE   19 SPINE INPUTS AT   100. HZ 
 SUMF=     18.46427210     8.73976239
  xmax=  116.70  29.58 0.1177 0.2000 1.1710  12.05 0.1177 0.0118 0.0775
 txmax=   587.9   13.8    0.6   90.9   16.4   14.5    0.6   43.1   43.1
 THERE WERE   19 SPINE INPUTS AT   100. HZ 
 SUMF=     22.27362647     9.51206635
  xmax=  116.86  28.90 0.1177 0.2000 1.0894  12.15 0.1177 0.0118 0.0773
 txmax=   919.1   13.8    0.6    5.7    5.5   14.6    0.6   43.2   43.2
