 THERE WERE   19 SPINE INPUTS AT   100. HZ 
 SUMF=      4.88520936     4.04766489
  xmax=   14.26  21.23 0.1175 0.0090 0.0643  10.56 0.1175 0.0050 0.0405
 txmax=    13.8    1.8    0.6   31.9   32.0    2.9    0.6   33.0   33.0
