 THERE WERE   19 SPINE INPUTS AT   100. HZ 
 SUMF=     23.83238096    11.25058478
  xmax=  103.41  26.54 0.1177 0.2000 1.1282  11.76 0.1177 0.0160 0.0958
 txmax=     1.6   22.5    0.6   90.1   90.1   23.4    0.6   23.6   43.4
